-16377
-16372
-16371
-16371
-16368
-16360
-16359
-16351
-16341
-16337
-16335
-16312
-16304
-16302
-16295
-16291
-16280
-16277
-16266
-16264
-16262
-16262
-16255
-16253
-16249
-16248
-16244
-16237
-16230
-16225
-16225
-16224
-16211
-16208
-16206
-16203
-16200
-16198
-16197
-16185
-16183
-16183
-16182
-16179
-16177
-16163
-16157
-16150
-16146
-16141
-16119
-16119
-16110
-16106
-16093
-16085
-16078
-16076
-16062
-16048
-16045
-16040
-16034
-16032
-16031
-16029
-16029
-16022
-16019
-16015
-16010
-16008
-16001
-15992
-15991
-15988
-15983
-15977
-15975
-15972
-15964
-15959
-15955
-15951
-15939
-15935
-15934
-15905
-15893
-15892
-15891
-15887
-15874
-15874
-15867
-15866
-15864
-15860
-15854
-15846
-15841
-15839
-15836
-15834
-15818
-15807
-15805
-15800
-15799
-15789
-15784
-15771
-15753
-15746
-15742
-15738
-15734
-15727
-15702
-15700
-15698
-15693
-15679
-15665
-15661
-15660
-15658
-15636
-15631
-15618
-15616
-15607
-15601
-15598
-15592
-15588
-15585
-15581
-15567
-15563
-15560
-15549
-15542
-15540
-15539
-15539
-15533
-15533
-15524
-15521
-15518
-15510
-15505
-15501
-15499
-15498
-15497
-15493
-15482
-15478
-15477
-15466
-15451
-15448
-15448
-15446
-15426
-15416
-15411
-15409
-15400
-15393
-15392
-15388
-15388
-15380
-15370
-15369
-15362
-15360
-15357
-15349
-15348
-15330
-15329
-15323
-15318
-15311
-15302
-15296
-15288
-15281
-15279
-15272
-15270
-15269
-15265
-15258
-15253
-15236
-15235
-15222
-15221
-15213
-15213
-15174
-15173
-15152
-15133
-15128
-15120
-15116
-15106
-15105
-15102
-15091
-15089
-15085
-15081
-15078
-15076
-15068
-15067
-15061
-15058
-15058
-15054
-15050
-15040
-15026
-15021
-15012
-15008
-15007
-15004
-14987
-14979
-14977
-14976
-14972
-14954
-14954
-14953
-14952
-14952
-14945
-14934
-14932
-14931
-14927
-14911
-14908
-14908
-14901
-14894
-14878
-14878
-14873
-14871
-14864
-14855
-14843
-14842
-14829
-14813
-14810
-14810
-14802
-14801
-14800
-14799
-14796
-14796
-14794
-14778
-14768
-14765
-14758
-14750
-14720
-14714
-14696
-14695
-14688
-14683
-14681
-14680
-14678
-14674
-14670
-14661
-14660
-14657
-14652
-14642
-14636
-14636
-14629
-14629
-14623
-14623
-14622
-14614
-14614
-14612
-14571
-14570
-14567
-14563
-14556
-14555
-14549
-14540
-14532
-14531
-14531
-14516
-14516
-14512
-14508
-14502
-14501
-14492
-14485
-14482
-14473
-14471
-14463
-14451
-14442
-14439
-14436
-14435
-14424
-14422
-14417
-14411
-14396
-14395
-14393
-14391
-14383
-14370
-14369
-14350
-14327
-14326
-14325
-14319
-14312
-14310
-14298
-14284
-14284
-14281
-14274
-14274
-14267
-14264
-14263
-14260
-14255
-14244
-14241
-14241
-14222
-14217
-14216
-14214
-14213
-14198
-14196
-14190
-14185
-14175
-14172
-14168
-14161
-14160
-14158
-14149
-14142
-14140
-14136
-14127
-14116
-14113
-14107
-14106
-14103
-14100
-14098
-14098
-14097
-14095
-14089
-14086
-14076
-14070
-14068
-14055
-14045
-14025
-14025
-14025
-14023
-14014
-14011
-14010
-14003
-13994
-13982
-13976
-13975
-13966
-13954
-13951
-13950
-13924
-13922
-13921
-13917
-13914
-13902
-13902
-13893
-13892
-13890
-13865
-13852
-13844
-13844
-13838
-13837
-13830
-13826
-13821
-13820
-13817
-13815
-13815
-13803
-13797
-13797
-13790
-13786
-13770
-13764
-13755
-13747
-13743
-13736
-13731
-13725
-13721
-13684
-13682
-13679
-13673
-13669
-13663
-13661
-13659
-13651
-13648
-13647
-13629
-13625
-13622
-13622
-13618
-13606
-13606
-13599
-13594
-13589
-13583
-13580
-13572
-13571
-13570
-13560
-13560
-13539
-13537
-13536
-13518
-13507
-13505
-13501
-13493
-13492
-13484
-13471
-13447
-13443
-13437
-13433
-13428
-13423
-13417
-13390
-13381
-13371
-13364
-13356
-13355
-13350
-13344
-13337
-13333
-13330
-13326
-13315
-13310
-13307
-13304
-13299
-13296
-13292
-13289
-13280
-13276
-13271
-13270
-13262
-13235
-13230
-13226
-13213
-13210
-13209
-13207
-13199
-13197
-13188
-13184
-13182
-13175
-13175
-13154
-13148
-13147
-13146
-13122
-13117
-13115
-13112
-13110
-13109
-13107
-13102
-13097
-13096
-13084
-13083
-13077
-13063
-13061
-13041
-13038
-13037
-13035
-13034
-13033
-13032
-13026
-13004
-12998
-12996
-12966
-12962
-12958
-12957
-12952
-12951
-12946
-12945
-12944
-12942
-12939
-12933
-12930
-12930
-12929
-12926
-12910
-12908
-12907
-12901
-12901
-12899
-12891
-12889
-12870
-12856
-12844
-12837
-12834
-12829
-12829
-12826
-12817
-12808
-12806
-12806
-12805
-12798
-12794
-12772
-12759
-12750
-12749
-12747
-12746
-12732
-12725
-12725
-12723
-12717
-12706
-12698
-12696
-12686
-12672
-12670
-12669
-12667
-12663
-12658
-12657
-12655
-12644
-12635
-12629
-12628
-12627
-12623
-12601
-12578
-12557
-12553
-12539
-12538
-12534
-12533
-12533
-12526
-12526
-12514
-12512
-12509
-12498
-12496
-12494
-12476
-12471
-12465
-12460
-12440
-12426
-12421
-12415
-12411
-12406
-12401
-12390
-12386
-12377
-12373
-12368
-12367
-12364
-12358
-12357
-12355
-12351
-12350
-12349
-12331
-12315
-12313
-12310
-12306
-12294
-12281
-12280
-12279
-12276
-12267
-12258
-12239
-12236
-12225
-12192
-12187
-12182
-12173
-12170
-12169
-12168
-12162
-12156
-12147
-12140
-12138
-12137
-12134
-12134
-12127
-12126
-12123
-12121
-12118
-12115
-12104
-12100
-12098
-12095
-12092
-12086
-12084
-12082
-12078
-12075
-12064
-12041
-12033
-12025
-12025
-12022
-12018
-12012
-12007
-12007
-11998
-11998
-11997
-11993
-11992
-11982
-11980
-11971
-11966
-11962
-11961
-11953
-11944
-11943
-11939
-11938
-11920
-11919
-11914
-11912
-11910
-11896
-11851
-11837
-11830
-11822
-11816
-11806
-11805
-11789
-11788
-11783
-11779
-11776
-11774
-11760
-11754
-11745
-11744
-11744
-11740
-11738
-11735
-11735
-11731
-11724
-11703
-11691
-11689
-11688
-11686
-11662
-11660
-11645
-11645
-11642
-11635
-11634
-11612
-11612
-11606
-11600
-11598
-11597
-11594
-11581
-11567
-11565
-11558
-11555
-11554
-11554
-11551
-11544
-11536
-11535
-11533
-11529
-11526
-11520
-11500
-11497
-11497
-11497
-11492
-11491
-11487
-11476
-11474
-11474
-11474
-11467
-11460
-11454
-11453
-11447
-11440
-11436
-11434
-11428
-11417
-11407
-11396
-11393
-11372
-11370
-11366
-11360
-11360
-11357
-11356
-11345
-11336
-11327
-11324
-11309
-11306
-11299
-11299
-11296
-11288
-11288
-11286
-11279
-11273
-11272
-11259
-11257
-11216
-11216
-11214
-11214
-11206
-11206
-11192
-11189
-11188
-11173
-11162
-11160
-11157
-11145
-11125
-11123
-11118
-11115
-11106
-11103
-11102
-11099
-11096
-11079
-11077
-11070
-11068
-11066
-11064
-11052
-11043
-11038
-11037
-11027
-11018
-11017
-11011
-11007
-10988
-10982
-10971
-10965
-10964
-10961
-10949
-10945
-10943
-10942
-10938
-10934
-10932
-10932
-10928
-10911
-10896
-10893
-10881
-10857
-10857
-10856
-10831
-10829
-10819
-10817
-10804
-10803
-10801
-10800
-10798
-10794
-10794
-10779
-10779
-10778
-10775
-10768
-10765
-10731
-10728
-10725
-10724
-10712
-10702
-10698
-10683
-10659
-10659
-10655
-10638
-10631
-10615
-10613
-10611
-10602
-10594
-10593
-10593
-10584
-10575
-10575
-10574
-10573
-10571
-10569
-10565
-10555
-10551
-10544
-10541
-10538
-10532
-10522
-10521
-10518
-10517
-10517
-10514
-10502
-10492
-10489
-10485
-10467
-10465
-10462
-10459
-10436
-10435
-10432
-10428
-10427
-10424
-10421
-10416
-10402
-10394
-10392
-10389
-10389
-10383
-10378
-10374
-10374
-10365
-10358
-10345
-10345
-10344
-10342
-10340
-10308
-10305
-10304
-10297
-10294
-10288
-10282
-10279
-10277
-10265
-10265
-10259
-10256
-10253
-10253
-10252
-10238
-10230
-10229
-10222
-10220
-10216
-10215
-10208
-10204
-10200
-10199
-10189
-10174
-10173
-10168
-10156
-10154
-10140
-10138
-10136
-10135
-10133
-10130
-10120
-10117
-10115
-10110
-10089
-10088
-10087
-10086
-10079
-10078
-10078
-10077
-10070
-10066
-10064
-10058
-10056
-10055
-10040
-10030
-10010
-9996
-9994
-9986
-9985
-9972
-9959
-9959
-9955
-9954
-9952
-9935
-9935
-9935
-9932
-9930
-9924
-9915
-9913
-9890
-9890
-9884
-9872
-9869
-9844
-9834
-9825
-9823
-9812
-9810
-9795
-9790
-9785
-9785
-9785
-9769
-9769
-9765
-9752
-9740
-9739
-9732
-9707
-9695
-9686
-9686
-9676
-9650
-9636
-9635
-9633
-9621
-9620
-9619
-9619
-9614
-9612
-9609
-9583
-9576
-9573
-9569
-9565
-9561
-9558
-9557
-9554
-9550
-9541
-9537
-9536
-9534
-9530
-9528
-9521
-9514
-9514
-9513
-9509
-9500
-9493
-9482
-9470
-9468
-9466
-9458
-9456
-9455
-9451
-9444
-9434
-9424
-9418
-9417
-9414
-9401
-9397
-9396
-9389
-9380
-9354
-9351
-9344
-9339
-9338
-9337
-9328
-9319
-9315
-9314
-9313
-9290
-9284
-9283
-9281
-9278
-9277
-9271
-9267
-9262
-9261
-9253
-9250
-9250
-9242
-9240
-9230
-9227
-9219
-9211
-9204
-9201
-9197
-9195
-9185
-9178
-9176
-9170
-9170
-9152
-9137
-9132
-9119
-9114
-9109
-9098
-9097
-9097
-9075
-9066
-9055
-9052
-9051
-9048
-9036
-9032
-9025
-9019
-9017
-9012
-9012
-8999
-8987
-8987
-8977
-8963
-8963
-8944
-8939
-8933
-8918
-8917
-8910
-8908
-8907
-8907
-8897
-8868
-8867
-8865
-8858
-8857
-8845
-8844
-8843
-8830
-8822
-8815
-8801
-8798
-8793
-8783
-8783
-8779
-8779
-8746
-8742
-8741
-8733
-8732
-8725
-8717
-8715
-8711
-8711
-8709
-8703
-8682
-8679
-8674
-8672
-8653
-8652
-8650
-8645
-8640
-8627
-8615
-8607
-8604
-8593
-8592
-8587
-8586
-8581
-8571
-8568
-8567
-8567
-8560
-8556
-8545
-8541
-8528
-8526
-8510
-8510
-8509
-8493
-8489
-8469
-8465
-8455
-8446
-8440
-8433
-8412
-8405
-8398
-8398
-8388
-8388
-8384
-8383
-8359
-8356
-8351
-8348
-8346
-8343
-8326
-8314
-8305
-8299
-8296
-8294
-8294
-8280
-8273
-8257
-8255
-8254
-8233
-8228
-8224
-8223
-8219
-8199
-8186
-8185
-8176
-8171
-8170
-8165
-8158
-8157
-8153
-8144
-8141
-8138
-8131
-8126
-8123
-8119
-8113
-8111
-8107
-8099
-8098
-8093
-8086
-8084
-8081
-8080
-8062
-8060
-8059
-8059
-8059
-8056
-8035
-8030
-8025
-8024
-8006
-8005
-8001
-7992
-7989
-7987
-7987
-7981
-7972
-7966
-7943
-7941
-7931
-7925
-7925
-7915
-7915
-7913
-7912
-7907
-7892
-7886
-7884
-7880
-7874
-7870
-7862
-7857
-7856
-7844
-7842
-7836
-7835
-7832
-7829
-7825
-7821
-7819
-7806
-7806
-7804
-7800
-7799
-7789
-7789
-7772
-7766
-7754
-7744
-7739
-7734
-7725
-7724
-7712
-7711
-7706
-7691
-7688
-7684
-7683
-7670
-7664
-7657
-7638
-7633
-7630
-7623
-7613
-7612
-7605
-7605
-7605
-7599
-7599
-7589
-7575
-7574
-7567
-7559
-7553
-7552
-7529
-7526
-7523
-7515
-7510
-7505
-7501
-7501
-7491
-7489
-7478
-7472
-7463
-7429
-7429
-7421
-7415
-7413
-7412
-7407
-7404
-7404
-7389
-7387
-7380
-7372
-7367
-7355
-7354
-7344
-7338
-7334
-7331
-7328
-7327
-7318
-7305
-7302
-7301
-7299
-7291
-7289
-7288
-7288
-7283
-7281
-7276
-7274
-7263
-7261
-7256
-7244
-7235
-7233
-7218
-7214
-7214
-7203
-7193
-7192
-7191
-7173
-7171
-7159
-7158
-7155
-7155
-7148
-7142
-7142
-7141
-7122
-7118
-7115
-7111
-7105
-7100
-7098
-7098
-7093
-7089
-7084
-7080
-7066
-7062
-7056
-7039
-7019
-6992
-6987
-6970
-6966
-6939
-6938
-6936
-6933
-6929
-6929
-6928
-6925
-6924
-6913
-6899
-6899
-6894
-6891
-6890
-6887
-6885
-6881
-6878
-6870
-6869
-6864
-6864
-6862
-6857
-6848
-6834
-6834
-6831
-6829
-6820
-6819
-6796
-6780
-6775
-6775
-6773
-6762
-6755
-6755
-6752
-6735
-6735
-6722
-6722
-6717
-6710
-6707
-6688
-6680
-6679
-6672
-6656
-6653
-6646
-6637
-6633
-6632
-6625
-6618
-6612
-6600
-6591
-6590
-6570
-6567
-6559
-6555
-6554
-6549
-6548
-6548
-6548
-6543
-6541
-6531
-6527
-6520
-6510
-6499
-6480
-6472
-6467
-6460
-6458
-6457
-6456
-6443
-6439
-6402
-6385
-6381
-6377
-6370
-6370
-6368
-6353
-6352
-6345
-6342
-6334
-6323
-6322
-6320
-6317
-6304
-6301
-6295
-6293
-6291
-6288
-6287
-6262
-6251
-6250
-6232
-6231
-6226
-6222
-6212
-6211
-6211
-6200
-6188
-6155
-6139
-6138
-6137
-6127
-6124
-6122
-6122
-6121
-6112
-6106
-6106
-6091
-6091
-6090
-6085
-6079
-6077
-6075
-6073
-6042
-6042
-6041
-6037
-6020
-6004
-5999
-5977
-5970
-5958
-5950
-5950
-5935
-5931
-5926
-5923
-5922
-5921
-5904
-5902
-5875
-5835
-5832
-5831
-5831
-5831
-5824
-5823
-5814
-5809
-5800
-5761
-5758
-5756
-5754
-5749
-5747
-5743
-5704
-5702
-5700
-5695
-5691
-5680
-5678
-5638
-5630
-5626
-5622
-5614
-5611
-5603
-5598
-5593
-5593
-5589
-5574
-5574
-5569
-5536
-5530
-5499
-5496
-5494
-5482
-5477
-5471
-5470
-5469
-5457
-5457
-5457
-5454
-5453
-5452
-5443
-5437
-5425
-5412
-5407
-5403
-5400
-5398
-5391
-5391
-5390
-5386
-5377
-5375
-5371
-5367
-5366
-5366
-5365
-5361
-5360
-5360
-5359
-5355
-5353
-5344
-5322
-5322
-5319
-5304
-5301
-5301
-5295
-5294
-5287
-5285
-5279
-5257
-5257
-5252
-5250
-5250
-5247
-5244
-5242
-5240
-5231
-5230
-5223
-5218
-5217
-5215
-5206
-5199
-5199
-5193
-5193
-5189
-5186
-5183
-5175
-5164
-5159
-5158
-5143
-5141
-5131
-5130
-5127
-5125
-5122
-5113
-5113
-5108
-5106
-5104
-5102
-5100
-5097
-5095
-5092
-5089
-5087
-5085
-5083
-5071
-5057
-5032
-5029
-5020
-4994
-4988
-4982
-4982
-4976
-4971
-4959
-4951
-4940
-4935
-4933
-4931
-4915
-4906
-4901
-4900
-4897
-4896
-4892
-4876
-4875
-4868
-4868
-4861
-4855
-4848
-4842
-4838
-4812
-4803
-4801
-4797
-4776
-4774
-4774
-4768
-4766
-4763
-4724
-4720
-4720
-4691
-4685
-4672
-4668
-4668
-4660
-4638
-4637
-4631
-4630
-4619
-4613
-4603
-4597
-4595
-4590
-4582
-4578
-4566
-4548
-4545
-4545
-4542
-4541
-4532
-4520
-4519
-4516
-4501
-4499
-4499
-4493
-4473
-4463
-4461
-4439
-4434
-4429
-4423
-4422
-4406
-4396
-4392
-4391
-4376
-4375
-4375
-4353
-4343
-4339
-4333
-4329
-4315
-4308
-4308
-4306
-4298
-4294
-4280
-4278
-4274
-4271
-4270
-4266
-4248
-4246
-4242
-4231
-4194
-4193
-4191
-4185
-4182
-4181
-4174
-4156
-4155
-4154
-4153
-4149
-4148
-4145
-4142
-4138
-4129
-4128
-4120
-4115
-4113
-4111
-4097
-4090
-4077
-4077
-4075
-4064
-4060
-4052
-4051
-4048
-4038
-4025
-4024
-4023
-4018
-4016
-4010
-4008
-4008
-4002
-3985
-3983
-3974
-3972
-3969
-3969
-3959
-3958
-3951
-3948
-3928
-3919
-3917
-3899
-3899
-3885
-3882
-3880
-3879
-3875
-3866
-3864
-3861
-3856
-3856
-3854
-3849
-3848
-3836
-3836
-3826
-3825
-3824
-3822
-3816
-3812
-3806
-3800
-3788
-3783
-3781
-3779
-3775
-3774
-3774
-3773
-3766
-3764
-3750
-3743
-3742
-3737
-3731
-3728
-3722
-3720
-3714
-3711
-3695
-3693
-3681
-3678
-3669
-3649
-3648
-3648
-3643
-3642
-3636
-3631
-3631
-3631
-3624
-3608
-3608
-3601
-3600
-3575
-3570
-3570
-3562
-3560
-3557
-3550
-3547
-3545
-3545
-3539
-3527
-3523
-3511
-3495
-3494
-3478
-3477
-3473
-3473
-3471
-3462
-3460
-3456
-3455
-3454
-3450
-3435
-3432
-3416
-3416
-3414
-3394
-3390
-3389
-3384
-3367
-3354
-3347
-3325
-3317
-3314
-3314
-3313
-3311
-3306
-3294
-3275
-3274
-3273
-3269
-3260
-3248
-3240
-3232
-3231
-3226
-3218
-3204
-3196
-3195
-3193
-3184
-3176
-3175
-3165
-3163
-3159
-3153
-3147
-3145
-3145
-3142
-3139
-3137
-3135
-3134
-3132
-3132
-3116
-3114
-3111
-3102
-3094
-3091
-3087
-3068
-3066
-3060
-3056
-3046
-3040
-3038
-3035
-3034
-3032
-3026
-3026
-3022
-3015
-3014
-3002
-3001
-2992
-2981
-2980
-2980
-2965
-2964
-2957
-2954
-2950
-2941
-2932
-2927
-2916
-2915
-2909
-2905
-2894
-2889
-2882
-2872
-2867
-2865
-2864
-2853
-2848
-2847
-2847
-2843
-2837
-2832
-2827
-2827
-2824
-2817
-2816
-2815
-2815
-2811
-2808
-2798
-2792
-2787
-2786
-2781
-2781
-2777
-2772
-2765
-2764
-2760
-2742
-2742
-2741
-2713
-2700
-2700
-2691
-2686
-2683
-2670
-2651
-2650
-2646
-2631
-2618
-2617
-2616
-2609
-2607
-2604
-2604
-2595
-2577
-2574
-2568
-2567
-2564
-2561
-2549
-2539
-2523
-2522
-2518
-2515
-2513
-2496
-2493
-2492
-2492
-2484
-2478
-2475
-2469
-2466
-2466
-2451
-2443
-2428
-2409
-2405
-2403
-2389
-2373
-2370
-2369
-2323
-2320
-2317
-2316
-2313
-2294
-2294
-2283
-2278
-2273
-2265
-2264
-2262
-2260
-2252
-2244
-2243
-2228
-2222
-2200
-2191
-2190
-2188
-2182
-2180
-2175
-2168
-2149
-2143
-2141
-2131
-2126
-2124
-2120
-2111
-2108
-2107
-2106
-2103
-2084
-2079
-2073
-2072
-2071
-2071
-2061
-2049
-2044
-2040
-2036
-2034
-2030
-2029
-2024
-2014
-2009
-2004
-1997
-1983
-1978
-1963
-1949
-1948
-1946
-1944
-1939
-1925
-1896
-1896
-1884
-1881
-1880
-1864
-1861
-1858
-1854
-1851
-1827
-1823
-1822
-1813
-1806
-1804
-1788
-1776
-1776
-1771
-1767
-1761
-1757
-1731
-1724
-1723
-1715
-1706
-1702
-1700
-1694
-1685
-1682
-1674
-1658
-1650
-1609
-1601
-1586
-1567
-1560
-1560
-1560
-1556
-1555
-1538
-1520
-1513
-1512
-1501
-1499
-1486
-1481
-1480
-1479
-1474
-1474
-1469
-1467
-1462
-1458
-1458
-1455
-1454
-1436
-1429
-1428
-1409
-1381
-1368
-1367
-1366
-1363
-1358
-1351
-1345
-1343
-1337
-1329
-1324
-1315
-1300
-1282
-1271
-1268
-1267
-1266
-1234
-1232
-1227
-1225
-1223
-1221
-1218
-1217
-1216
-1208
-1205
-1204
-1203
-1197
-1197
-1182
-1179
-1177
-1177
-1168
-1161
-1155
-1150
-1148
-1137
-1134
-1125
-1111
-1109
-1107
-1104
-1103
-1102
-1088
-1085
-1051
-1049
-1044
-1028
-1028
-1021
-1019
-1019
-1012
-1008
-1001
-997
-995
-986
-976
-969
-943
-934
-924
-916
-915
-913
-912
-910
-907
-902
-894
-887
-884
-874
-866
-858
-833
-832
-822
-817
-808
-803
-768
-761
-761
-760
-759
-741
-714
-708
-707
-703
-702
-699
-696
-694
-692
-681
-681
-678
-674
-670
-662
-653
-640
-640
-609
-606
-605
-603
-590
-589
-585
-580
-579
-571
-566
-562
-561
-559
-555
-550
-538
-533
-527
-519
-511
-509
-497
-494
-490
-483
-477
-463
-460
-453
-445
-442
-441
-439
-438
-435
-412
-409
-403
-401
-384
-379
-379
-342
-341
-340
-338
-328
-307
-307
-301
-297
-290
-286
-285
-272
-271
-267
-259
-254
-250
-246
-240
-233
-223
-222
-220
-215
-213
-212
-206
-195
-184
-179
-145
-142
-131
-129
-112
-96
-93
-87
-87
-77
-75
-69
-66
-55
-44
-37
-31
-15
-9
-9
-9
-3
0
5
6
8
19
27
28
29
36
36
43
45
50
64
76
83
84
85
87
93
93
94
97
101
104
111
114
116
128
133
135
138
147
159
165
168
169
171
176
180
182
183
189
193
197
215
223
228
231
231
233
253
254
255
270
277
278
278
284
295
298
298
304
309
332
333
334
338
348
356
356
357
358
361
362
377
386
392
395
396
397
398
401
423
423
449
462
463
468
484
498
508
511
515
521
530
531
542
561
574
575
577
583
600
600
613
613
617
620
636
641
646
651
652
655
661
663
675
677
680
682
693
694
695
709
711
719
720
728
734
743
750
755
761
771
782
782
795
796
799
807
810
811
811
813
818
819
824
835
845
846
848
855
855
860
867
872
889
896
906
910
916
926
928
949
949
953
962
964
986
987
992
992
999
1003
1016
1034
1039
1047
1057
1057
1058
1059
1062
1067
1085
1088
1091
1094
1096
1103
1107
1110
1115
1122
1130
1134
1138
1142
1154
1155
1160
1163
1172
1175
1179
1179
1189
1190
1192
1200
1210
1212
1216
1220
1221
1222
1234
1237
1243
1252
1254
1264
1269
1269
1271
1273
1290
1300
1301
1304
1310
1314
1314
1321
1341
1344
1347
1352
1361
1370
1371
1371
1383
1384
1396
1400
1400
1405
1413
1417
1419
1420
1430
1447
1447
1449
1456
1459
1462
1464
1469
1474
1475
1476
1491
1495
1500
1519
1524
1526
1528
1531
1538
1544
1545
1561
1572
1581
1583
1595
1597
1598
1617
1630
1638
1653
1678
1680
1684
1688
1689
1690
1694
1696
1701
1703
1715
1715
1723
1727
1729
1733
1736
1738
1740
1749
1751
1763
1768
1775
1784
1789
1795
1797
1801
1808
1817
1823
1825
1837
1846
1846
1849
1852
1867
1867
1879
1891
1894
1900
1920
1920
1923
1924
1933
1947
1960
1960
1978
1980
1987
1987
1990
1992
1995
2010
2012
2023
2026
2030
2040
2045
2045
2046
2051
2061
2065
2065
2066
2069
2092
2099
2101
2108
2108
2119
2124
2145
2156
2160
2161
2166
2166
2175
2178
2190
2191
2195
2197
2197
2204
2208
2216
2217
2221
2232
2244
2245
2254
2257
2264
2274
2289
2291
2294
2301
2308
2311
2319
2336
2336
2340
2342
2343
2354
2355
2359
2362
2362
2363
2363
2376
2380
2385
2386
2386
2402
2414
2419
2420
2443
2453
2465
2466
2467
2476
2477
2481
2483
2486
2489
2497
2509
2517
2520
2528
2528
2529
2536
2547
2557
2560
2563
2564
2565
2571
2577
2582
2583
2587
2589
2595
2623
2625
2625
2643
2655
2662
2664
2664
2673
2677
2683
2685
2686
2691
2701
2701
2705
2706
2711
2712
2715
2717
2734
2739
2745
2751
2758
2762
2785
2786
2787
2789
2790
2791
2798
2804
2806
2812
2826
2829
2830
2832
2833
2834
2842
2846
2849
2851
2867
2869
2870
2881
2881
2888
2892
2914
2917
2950
2973
2980
2983
2984
2994
2998
3007
3028
3037
3040
3040
3045
3046
3047
3051
3051
3062
3065
3070
3077
3078
3081
3082
3088
3091
3100
3101
3114
3121
3122
3127
3136
3136
3142
3153
3156
3156
3170
3172
3210
3216
3222
3223
3231
3232
3238
3238
3249
3255
3259
3263
3302
3312
3313
3317
3326
3326
3338
3346
3347
3348
3350
3353
3362
3364
3379
3392
3394
3397
3404
3410
3413
3416
3418
3418
3451
3456
3457
3460
3463
3466
3477
3481
3482
3483
3485
3486
3494
3495
3504
3504
3505
3509
3514
3514
3515
3516
3519
3520
3523
3532
3534
3543
3545
3547
3551
3554
3566
3588
3589
3601
3602
3604
3624
3631
3638
3639
3640
3642
3652
3664
3670
3672
3673
3688
3695
3695
3700
3703
3713
3715
3718
3726
3727
3734
3739
3743
3755
3759
3766
3782
3795
3801
3803
3813
3817
3822
3825
3826
3831
3833
3835
3849
3853
3857
3859
3862
3879
3885
3888
3892
3894
3900
3906
3909
3914
3926
3939
3940
3961
3965
3966
3975
3979
3993
3993
3999
4009
4011
4011
4018
4029
4029
4034
4042
4042
4056
4068
4071
4075
4075
4084
4093
4101
4105
4106
4107
4116
4122
4125
4129
4133
4136
4137
4141
4151
4152
4156
4160
4174
4180
4189
4192
4193
4205
4211
4212
4220
4223
4234
4236
4237
4238
4238
4243
4245
4258
4279
4280
4280
4284
4289
4291
4298
4321
4330
4330
4341
4341
4342
4345
4345
4350
4350
4353
4358
4360
4375
4378
4379
4379
4380
4384
4385
4407
4407
4410
4415
4421
4422
4424
4426
4432
4450
4452
4461
4462
4469
4474
4482
4483
4491
4492
4497
4502
4510
4514
4516
4523
4530
4530
4532
4545
4548
4553
4568
4577
4586
4603
4604
4605
4613
4619
4631
4631
4644
4650
4651
4651
4659
4661
4669
4674
4676
4692
4700
4744
4749
4751
4763
4764
4766
4779
4787
4789
4824
4831
4831
4831
4839
4857
4862
4863
4865
4867
4872
4874
4884
4888
4896
4897
4897
4903
4907
4912
4921
4925
4931
4940
4941
4958
4959
4962
4971
4977
4978
4982
4991
5007
5008
5017
5018
5023
5025
5029
5032
5042
5046
5046
5048
5051
5052
5053
5062
5067
5070
5074
5077
5095
5100
5126
5136
5139
5145
5149
5166
5169
5171
5187
5191
5192
5204
5220
5220
5222
5230
5236
5252
5253
5262
5275
5275
5278
5283
5287
5287
5293
5296
5312
5314
5315
5323
5324
5348
5348
5349
5363
5367
5378
5406
5411
5412
5415
5421
5431
5456
5462
5480
5483
5490
5496
5498
5499
5505
5523
5525
5526
5528
5529
5532
5535
5542
5546
5554
5586
5588
5590
5591
5601
5602
5603
5603
5610
5612
5613
5630
5633
5641
5644
5647
5648
5654
5657
5658
5663
5672
5674
5677
5678
5702
5708
5718
5720
5720
5726
5735
5746
5746
5749
5750
5751
5759
5761
5766
5770
5776
5786
5791
5802
5807
5809
5832
5835
5848
5861
5867
5876
5881
5883
5883
5886
5890
5892
5901
5906
5910
5910
5921
5932
5945
5945
5955
5973
5983
5988
5991
6000
6008
6010
6012
6014
6015
6017
6033
6037
6052
6059
6062
6063
6066
6068
6070
6076
6076
6081
6095
6105
6115
6117
6120
6133
6138
6144
6150
6151
6157
6165
6169
6170
6172
6173
6174
6180
6202
6219
6221
6224
6240
6241
6245
6256
6261
6262
6262
6266
6267
6271
6274
6277
6280
6284
6286
6289
6295
6296
6297
6317
6333
6341
6341
6344
6352
6363
6363
6364
6365
6367
6377
6378
6393
6408
6415
6415
6421
6432
6434
6462
6475
6487
6491
6501
6507
6529
6556
6557
6560
6560
6563
6565
6570
6577
6583
6588
6615
6617
6617
6626
6628
6629
6631
6635
6641
6648
6650
6652
6660
6680
6684
6691
6691
6692
6692
6717
6723
6729
6735
6738
6744
6747
6753
6768
6775
6777
6778
6779
6781
6789
6792
6794
6799
6800
6808
6814
6816
6819
6820
6821
6822
6828
6832
6833
6833
6834
6845
6855
6863
6864
6874
6887
6888
6896
6902
6902
6903
6906
6909
6911
6924
6925
6928
6949
6949
6958
6960
6972
6977
6980
6984
6990
6994
6994
6998
6998
7003
7024
7027
7031
7033
7038
7042
7044
7046
7048
7055
7058
7058
7061
7064
7074
7075
7082
7088
7088
7095
7105
7106
7107
7114
7117
7121
7124
7133
7142
7142
7144
7147
7155
7157
7165
7167
7179
7185
7187
7190
7201
7201
7203
7204
7213
7213
7225
7229
7230
7230
7237
7247
7257
7257
7264
7264
7274
7274
7290
7290
7290
7295
7298
7301
7305
7312
7314
7315
7336
7340
7340
7342
7343
7350
7357
7365
7369
7376
7380
7380
7382
7383
7393
7407
7413
7432
7450
7455
7455
7476
7478
7479
7486
7490
7497
7500
7500
7517
7521
7524
7524
7526
7534
7543
7546
7551
7552
7561
7570
7577
7582
7595
7603
7604
7604
7609
7615
7634
7635
7648
7650
7652
7652
7669
7679
7691
7700
7707
7717
7718
7723
7736
7745
7753
7754
7756
7764
7764
7769
7772
7773
7788
7790
7794
7804
7806
7814
7818
7826
7832
7840
7841
7845
7858
7872
7875
7896
7899
7902
7904
7907
7908
7914
7917
7920
7921
7940
7944
7947
7951
7954
7955
7964
7968
7969
7993
7995
7995
7996
8004
8008
8015
8025
8037
8040
8045
8066
8067
8076
8080
8080
8087
8089
8094
8103
8104
8115
8120
8121
8131
8135
8140
8143
8147
8148
8154
8165
8171
8182
8189
8200
8210
8214
8226
8234
8242
8244
8263
8278
8286
8286
8305
8313
8316
8318
8325
8332
8338
8344
8356
8391
8401
8408
8411
8444
8450
8455
8457
8458
8461
8462
8463
8465
8477
8491
8493
8495
8500
8503
8519
8527
8529
8539
8542
8545
8557
8558
8565
8565
8572
8584
8592
8612
8623
8624
8624
8627
8633
8637
8639
8641
8642
8644
8656
8667
8669
8669
8679
8685
8690
8703
8714
8719
8738
8743
8754
8765
8766
8767
8767
8787
8787
8797
8798
8799
8802
8806
8815
8816
8817
8818
8818
8827
8827
8861
8864
8870
8899
8903
8907
8916
8927
8927
8929
8932
8932
8940
8940
8948
8951
8955
8956
8957
8958
8961
8969
8970
8981
8989
8995
9001
9001
9006
9012
9030
9032
9038
9042
9043
9043
9052
9057
9068
9073
9083
9098
9107
9111
9112
9112
9119
9122
9129
9137
9138
9151
9155
9160
9162
9164
9173
9182
9187
9191
9192
9220
9220
9232
9237
9241
9242
9245
9251
9257
9269
9291
9294
9299
9316
9321
9340
9341
9341
9342
9354
9355
9359
9368
9370
9370
9387
9389
9391
9394
9402
9412
9417
9423
9423
9445
9446
9464
9464
9466
9469
9471
9476
9477
9481
9485
9508
9529
9535
9541
9541
9546
9547
9561
9571
9577
9579
9586
9598
9610
9612
9619
9626
9655
9666
9667
9674
9675
9680
9681
9688
9692
9700
9700
9701
9701
9708
9715
9727
9740
9740
9752
9752
9764
9775
9789
9790
9813
9813
9815
9832
9834
9835
9838
9843
9846
9846
9847
9850
9851
9856
9867
9880
9884
9887
9889
9891
9896
9897
9897
9899
9910
9912
9918
9922
9928
9929
9933
9937
9950
9956
9958
9965
9979
9986
9991
10017
10025
10050
10051
10053
10055
10057
10091
10100
10108
10109
10113
10116
10124
10130
10133
10139
10153
10154
10158
10161
10176
10177
10179
10190
10203
10210
10220
10225
10227
10240
10245
10246
10250
10258
10264
10266
10270
10280
10291
10294
10304
10313
10315
10319
10324
10327
10337
10345
10348
10359
10360
10363
10365
10367
10367
10386
10394
10407
10439
10446
10447
10451
10452
10454
10460
10476
10486
10495
10500
10516
10517
10519
10525
10527
10531
10535
10536
10543
10546
10549
10558
10562
10569
10570
10575
10580
10587
10592
10592
10617
10617
10618
10626
10630
10631
10638
10642
10646
10656
10666
10670
10677
10690
10695
10696
10699
10699
10703
10728
10730
10743
10761
10763
10764
10768
10768
10776
10777
10777
10781
10795
10798
10801
10816
10829
10835
10837
10838
10839
10849
10854
10854
10889
10890
10896
10896
10906
10907
10913
10916
10921
10927
10928
10949
10963
10967
10978
10985
10986
10989
11007
11014
11021
11030
11030
11037
11040
11043
11050
11053
11059
11082
11082
11105
11109
11115
11122
11134
11142
11146
11148
11152
11154
11163
11166
11185
11188
11189
11192
11194
11197
11198
11199
11205
11207
11210
11224
11245
11245
11246
11248
11251
11258
11312
11316
11318
11324
11329
11352
11353
11356
11365
11374
11376
11379
11385
11396
11397
11408
11411
11417
11418
11422
11426
11438
11442
11444
11446
11454
11455
11459
11462
11468
11492
11493
11499
11501
11503
11507
11512
11512
11517
11520
11521
11523
11528
11531
11531
11543
11552
11567
11570
11581
11585
11588
11591
11603
11603
11610
11642
11648
11652
11657
11698
11704
11708
11716
11725
11727
11749
11754
11756
11758
11762
11764
11767
11772
11776
11776
11786
11803
11805
11805
11806
11809
11817
11820
11822
11825
11833
11834
11835
11847
11854
11859
11861
11862
11864
11867
11876
11889
11893
11900
11900
11908
11920
11923
11925
11929
11931
11931
11933
11941
11946
11961
11961
11971
11972
11974
11974
11977
11978
11985
11986
12004
12009
12030
12036
12041
12055
12056
12056
12061
12066
12067
12078
12080
12103
12111
12115
12116
12117
12119
12139
12142
12164
12167
12173
12175
12176
12177
12182
12185
12192
12199
12207
12212
12217
12224
12226
12227
12232
12232
12238
12251
12253
12269
12274
12275
12276
12280
12290
12295
12300
12318
12319
12326
12327
12327
12331
12339
12339
12349
12349
12363
12366
12379
12382
12385
12389
12391
12394
12398
12402
12413
12414
12418
12423
12424
12432
12438
12439
12441
12445
12450
12452
12466
12467
12473
12477
12485
12507
12508
12510
12519
12519
12529
12541
12544
12547
12548
12548
12550
12554
12555
12557
12562
12566
12574
12585
12588
12590
12600
12602
12608
12608
12608
12609
12611
12612
12629
12652
12654
12655
12678
12678
12679
12682
12683
12685
12686
12690
12691
12692
12694
12695
12704
12712
12715
12727
12736
12747
12749
12759
12760
12763
12763
12768
12769
12772
12776
12777
12785
12795
12802
12804
12805
12807
12816
12826
12828
12833
12849
12855
12856
12862
12893
12897
12905
12915
12915
12916
12931
12933
12935
12936
12946
12950
12961
12962
12964
12965
12966
12967
12971
12978
12991
12995
12999
13004
13008
13013
13016
13022
13026
13029
13045
13053
13070
13070
13074
13075
13077
13089
13091
13103
13111
13141
13142
13157
13161
13167
13168
13170
13175
13176
13181
13188
13210
13216
13220
13223
13228
13240
13254
13261
13261
13265
13281
13283
13288
13293
13299
13303
13306
13319
13321
13330
13335
13339
13355
13357
13364
13364
13365
13371
13372
13405
13405
13407
13408
13409
13415
13426
13427
13444
13450
13453
13458
13460
13463
13466
13469
13469
13472
13486
13494
13510
13527
13537
13545
13553
13554
13564
13566
13571
13585
13619
13655
13656
13664
13670
13682
13682
13684
13692
13697
13700
13711
13718
13718
13718
13727
13731
13732
13733
13739
13740
13747
13754
13763
13768
13777
13778
13778
13798
13818
13822
13827
13828
13834
13835
13837
13844
13855
13864
13866
13867
13869
13877
13892
13895
13898
13899
13902
13907
13909
13931
13931
13931
13958
13974
13975
13990
13996
13998
14015
14022
14022
14026
14032
14042
14052
14054
14057
14058
14059
14061
14061
14074
14079
14082
14084
14107
14128
14129
14143
14145
14161
14163
14171
14180
14185
14189
14192
14193
14212
14219
14223
14226
14234
14242
14252
14253
14262
14263
14270
14277
14291
14296
14301
14305
14316
14323
14327
14329
14342
14347
14347
14361
14367
14368
14368
14370
14378
14378
14380
14381
14399
14403
14405
14414
14415
14425
14428
14429
14455
14459
14460
14468
14487
14487
14488
14490
14500
14506
14508
14512
14524
14529
14529
14531
14536
14537
14538
14543
14544
14547
14557
14562
14562
14570
14571
14571
14577
14602
14609
14614
14620
14622
14623
14626
14628
14635
14636
14645
14661
14676
14692
14693
14696
14697
14699
14703
14727
14732
14740
14744
14746
14750
14752
14753
14753
14756
14757
14765
14767
14772
14773
14774
14793
14793
14797
14798
14803
14809
14811
14814
14814
14836
14844
14851
14852
14853
14858
14859
14866
14880
14886
14897
14906
14918
14928
14937
14952
14976
14979
14979
14985
14987
14990
14998
15000
15004
15006
15009
15013
15014
15021
15026
15030
15031
15032
15037
15039
15040
15047
15049
15050
15052
15053
15059
15059
15060
15068
15080
15085
15086
15097
15108
15110
15110
15111
15121
15128
15128
15129
15129
15130
15133
15146
15149
15150
15152
15160
15163
15169
15177
15188
15196
15197
15198
15203
15205
15220
15220
15229
15235
15236
15239
15244
15255
15255
15258
15258
15263
15265
15271
15279
15281
15281
15286
15288
15290
15303
15306
15314
15319
15324
15328
15331
15331
15333
15335
15342
15347
15360
15362
15366
15375
15376
15376
15378
15384
15390
15391
15417
15434
15444
15449
15452
15454
15457
15471
15474
15477
15477
15483
15489
15490
15493
15498
15499
15503
15503
15504
15505
15505
15505
15506
15524
15524
15527
15530
15533
15539
15549
15555
15583
15587
15590
15593
15597
15599
15608
15615
15620
15625
15627
15629
15630
15639
15643
15645
15656
15666
15667
15670
15671
15689
15691
15692
15704
15706
15718
15752
15762
15768
15776
15778
15779
15788
15795
15809
15813
15813
15817
15821
15826
15826
15834
15838
15846
15853
15882
15887
15887
15907
15918
15931
15934
15936
15955
15960
15961
15963
15977
15984
15991
16004
16022
16026
16032
16033
16048
16056
16071
16077
16081
16093
16095
16100
16100
16106
16108
16124
16128
16129
16135
16137
16138
16139
16157
16169
16178
16178
16180
16182
16186
16186
16196
16196
16200
16228
16229
16233
16235
16259
16266
16274
16276
16283
16289
16294
16294
16301
16302
16303
16310
16313
16316
16318
16322
16323
16324
16329
16339
16352
16354
16357
16358
16359
16364
16378